#
%Time%Gated%Ungated
@ ns@ @ 
0 7 3
10 2 2
20 2 1
30 1 0
40 2 2
50 3 1
60 2 2
70 4 1
80 1 1
90 4 0
100 6 0
110 9 0
120 4 2
130 1 0
140 3 2
150 2 0
160 2 0
170 2 2
180 3 0
190 2 0
200 3 0
210 3 1
220 2 2
230 5 1
240 7 3
250 4 1
260 1 0
270 1 0
280 1 0
290 3 0
300 3 1
310 1 1
320 3 0
330 6 0
340 4 3
350 4 1
360 5 1
370 3 2
380 5 3
390 5 1
400 4 0
410 7 0
420 5 1
430 3 1
440 3 0
450 5 0
460 0 3
470 3 1
480 2 0
490 3 1
500 5 1
510 6 1
520 4 2
530 5 0
540 4 2
550 2 2
560 3 2
570 4 1
580 3 0
590 3 1
600 3 4
610 3 0
620 4 1
630 5 1
640 2 0
650 4 2
660 2 0
670 2 1
680 4 0
690 1 1
700 2 1
710 1 0
720 2 0
730 3 1
740 1 3
750 2 0
760 3 2
770 3 0
780 2 0
790 1 1
800 4 1
810 4 1
820 3 1
830 1 1
840 1 1
850 4 0
860 4 0
870 5 0
880 0 0
890 2 2
900 3 1
910 8 1
920 6 0
930 2 0
940 3 0
950 3 0
960 3 1
970 3 0
980 1 0
990 4 2
1000 5 3
1010 1 0
1020 3 1
1030 2 0
1040 2 0
1050 2 0
1060 0 0
1070 1 0
1080 3 2
1090 0 0
1100 3 1
1110 0 1
1120 0 1
1130 0 1
1140 3 2
1150 4 2
1160 4 2
1170 2 0
1180 0 0
1190 0 0
1200 2 0
1210 3 3
1220 6 1
1230 2 1
1240 2 0
1250 2 0
1260 2 1
1270 1 1
1280 4 1
1290 3 0
1300 2 1
1310 1 2
1320 3 1
1330 0 0
1340 1 1
1350 1 3
1360 1 0
1370 3 2
1380 3 0
1390 1 0
1400 2 0
1410 0 0
1420 3 0
1430 4 1
1440 5 0
1450 1 2
1460 4 0
1470 4 0
1480 3 0
1490 2 2
1500 1 1
1510 0 1
1520 2 1
1530 0 0
1540 4 1
1550 4 0
1560 2 0
1570 1 0
1580 2 1
1590 3 0
1600 0 0
1610 1 1
1620 6 1
1630 1 2
1640 2 0
1650 1 1
1660 2 0
1670 1 1
1680 2 0
1690 1 0
1700 3 2
1710 3 0
1720 3 0
1730 1 0
1740 0 1
1750 1 1
1760 3 1
1770 2 3
1780 4 3
1790 3 0
1800 2 1
1810 1 1
1820 1 0
1830 4 1
1840 3 1
1850 2 0
1860 2 1
1870 6 1
1880 1 0
1890 2 1
1900 1 0
1910 2 0
1920 4 1
1930 5 1
1940 3 1
1950 5 2
1960 3 0
1970 1 1
1980 1 0
1990 3 0
2000 0 0
2010 1 0
2020 0 1
2030 2 0
2040 4 0
2050 1 2
2060 3 1
2070 2 2
2080 4 2
2090 1 0
2100 3 1
2110 3 0
2120 3 0
2130 4 0
2140 3 2
2150 3 0
2160 2 1
2170 6 0
2180 3 0
2190 1 0
2200 1 2
2210 1 0
2220 0 3
2230 0 0
2240 3 1
2250 3 0
2260 2 2
2270 1 0
2280 1 0
2290 1 3
2300 2 0
2310 3 0
2320 3 1
2330 2 0
2340 2 0
2350 1 1
2360 2 0
2370 0 1
2380 1 0
2390 4 0
2400 1 1
2410 3 1
2420 2 1
2430 2 0
2440 2 0
2450 4 1
2460 1 0
2470 1 1
2480 3 0
2490 4 0
2500 1 0
2510 0 1
2520 0 0
2530 1 6
2540 2 1
2550 0 2
2560 4 0
2570 1 1
2580 2 0
2590 2 0
2600 2 0
2610 3 0
2620 4 1
2630 1 1
2640 3 0
2650 0 0
2660 2 0
2670 1 1
2680 2 1
2690 1 0
2700 3 0
2710 3 2
2720 2 0
2730 2 1
2740 1 0
2750 0 1
2760 1 0
2770 4 0
2780 1 0
2790 1 0
2800 2 1
2810 1 0
2820 3 1
2830 0 0
2840 2 1
2850 3 1
2860 0 2
2870 1 1
2880 3 1
2890 1 0
2900 2 0
2910 0 0
2920 3 2
2930 3 1
2940 0 0
2950 2 0
2960 1 1
2970 1 0
2980 2 0
2990 3 0
3000 1 0
3010 2 0
3020 1 1
3030 2 1
3040 1 2
3050 3 2
3060 0 0
3070 3 1
3080 1 0
3090 2 0
3100 3 0
3110 0 2
3120 5 0
3130 3 1
3140 0 2
3150 0 0
3160 2 0
3170 1 0
3180 3 0
3190 0 0
3200 1 1
3210 2 0
3220 4 1
3230 1 0
3240 2 0
3250 0 0
3260 3 0
3270 1 0
3280 1 0
3290 0 0
3300 0 1
3310 1 1
3320 2 0
3330 2 1
3340 1 1
3350 0 0
3360 2 0
3370 3 1
3380 1 1
3390 1 0
3400 2 0
3410 1 1
3420 2 2
3430 3 1
3440 0 1
3450 4 0
3460 1 0
3470 3 0
3480 0 2
3490 0 0
3500 2 0
3510 1 0
3520 0 0
3530 1 0
3540 4 1
3550 1 1
3560 3 2
3570 0 1
3580 3 1
3590 2 0
3600 1 1
3610 3 0
3620 5 0
3630 0 0
3640 1 2
3650 2 0
3660 2 1
3670 0 0
3680 1 0
3690 0 1
3700 2 1
3710 3 1
3720 2 0
3730 2 0
3740 0 0
3750 2 1
3760 1 0
3770 1 0
3780 2 1
3790 2 2
3800 1 2
3810 1 0
3820 2 0
3830 2 0
3840 1 0
3850 1 0
3860 1 0
3870 1 0
3880 2 0
3890 3 0
3900 3 0
3910 2 1
3920 4 1
3930 1 0
3940 0 0
3950 1 0
3960 1 0
3970 1 0
3980 1 0
3990 1 2
4000 1 0
4010 0 1
4020 0 2
4030 1 2
4040 1 0
4050 1 0
4060 1 1
4070 4 0
4080 1 0
4090 2 0
4100 0 0
4110 2 2
4120 1 1
4130 0 0
4140 2 1
4150 1 0
4160 1 0
4170 3 1
4180 2 0
4190 2 0
4200 0 0
4210 2 0
4220 0 0
4230 3 0
4240 1 0
4250 1 1
4260 4 3
4270 2 0
4280 0 0
4290 0 1
4300 0 0
4310 1 1
4320 5 0
4330 3 1
4340 2 0
4350 2 0
4360 2 0
4370 2 1
4380 1 3
4390 2 0
4400 3 0
4410 1 0
4420 1 0
4430 1 1
4440 0 1
4450 0 1
4460 1 4
4470 0 0
4480 0 1
4490 1 0
4500 6 1
4510 3 1
4520 0 0
4530 1 0
4540 1 0
4550 0 0
4560 0 0
4570 1 1
4580 3 1
4590 1 0
4600 1 1
4610 0 0
4620 2 0
4630 3 0
4640 2 0
4650 2 0
4660 1 1
4670 3 0
4680 0 0
4690 0 0
4700 2 0
4710 0 0
4720 1 0
4730 1 1
4740 0 0
4750 0 1
4760 0 0
4770 0 0
4780 0 0
4790 3 0
4800 0 2
4810 0 0
4820 0 0
4830 2 2
4840 2 1
4850 0 0
4860 1 1
4870 2 1
4880 2 0
4890 1 0
4900 2 0
4910 1 0
4920 1 0
4930 0 1
4940 1 0
4950 2 0
4960 2 0
4970 2 0
4980 3 1
4990 1 0
5000 0 0
5010 3 0
5020 2 0
5030 1 0
5040 3 0
5050 1 0
5060 1 0
5070 0 0
5080 3 1
5090 1 1
5100 1 1
5110 6 1
5120 2 0
5130 0 0
5140 1 1
5150 0 0
5160 0 1
5170 0 0
5180 1 0
5190 0 0
5200 1 2
5210 0 0
5220 3 0
5230 1 0
5240 0 0
5250 1 0
5260 2 0
5270 0 0
5280 1 1
5290 0 0
5300 1 0
5310 2 0
5320 0 0
5330 0 0
5340 1 0
5350 1 0
5360 1 1
5370 2 1
5380 2 0
5390 2 0
5400 1 1
5410 1 0
5420 0 0
5430 0 0
5440 0 0
5450 2 1
5460 2 1
5470 1 2
5480 1 0
5490 1 0
5500 0 1
5510 3 0
5520 2 2
5530 1 0
5540 3 0
5550 4 0
5560 1 1
5570 0 0
5580 0 0
5590 1 0
5600 0 1
5610 1 0
5620 2 1
5630 0 0
5640 3 0
5650 0 0
5660 1 0
5670 1 0
5680 2 1
5690 0 1
5700 0 0
5710 1 1
5720 4 0
5730 2 0
5740 2 1
5750 0 1
5760 0 1
5770 3 1
5780 1 1
5790 2 1
5800 0 1
5810 3 1
5820 1 0
5830 2 0
5840 1 0
5850 1 1
5860 1 1
5870 2 1
5880 4 1
5890 1 1
5900 1 0
5910 1 2
5920 1 0
5930 2 1
5940 1 0
5950 2 2
5960 0 0
5970 2 0
5980 1 1
5990 2 1
6000 0 0
6010 2 0
6020 1 0
6030 1 0
6040 1 1
6050 3 0
6060 1 1
6070 1 0
6080 1 0
6090 2 3
6100 0 0
6110 0 1
6120 0 0
6130 0 0
6140 1 0
6150 0 0
6160 1 0
6170 1 0
6180 0 0
6190 0 0
6200 1 1
6210 3 0
6220 1 0
6230 1 0
6240 1 0
6250 0 1
6260 0 0
6270 0 1
6280 1 1
6290 0 0
6300 2 0
6310 0 3
6320 0 0
6330 3 1
6340 1 0
6350 1 0
6360 0 0
6370 0 1
6380 1 0
6390 1 0
6400 0 3
6410 1 0
6420 1 0
6430 0 0
6440 2 0
6450 0 0
6460 2 1
6470 1 0
6480 0 0
6490 2 1
6500 0 0
6510 1 0
6520 0 0
6530 2 0
6540 0 0
6550 0 0
6560 0 1
6570 1 1
6580 0 0
6590 0 1
6600 0 0
6610 1 0
6620 2 2
6630 0 1
6640 4 1
6650 1 0
6660 1 0
6670 2 0
6680 1 0
6690 0 0
6700 0 1
6710 3 0
6720 1 1
6730 0 0
6740 1 0
6750 0 0
6760 1 0
6770 1 1
6780 1 1
6790 0 0
6800 0 0
6810 1 0
6820 0 0
6830 0 0
6840 3 0
6850 0 0
6860 0 0
6870 1 0
6880 2 0
6890 1 0
6900 0 1
6910 1 0
6920 0 0
6930 0 0
6940 1 0
6950 2 0
6960 1 1
6970 2 1
6980 0 0
6990 1 0
7000 1 0
7010 0 0
7020 1 0
7030 0 0
7040 2 1
7050 0 0
7060 1 0
7070 1 0
7080 0 0
7090 0 0
7100 0 0
7110 1 0
7120 0 0
7130 0 1
7140 2 0
7150 0 0
7160 1 0
7170 1 0
7180 0 0
7190 0 0
7200 3 0
7210 1 4
7220 0 0
7230 1 2
7240 0 0
7250 0 0
7260 3 3
7270 1 0
7280 0 0
7290 0 1
7300 0 0
7310 1 1
7320 2 0
7330 1 0
7340 0 0
7350 0 1
7360 1 0
7370 2 1
7380 0 0
7390 0 0
7400 0 0
7410 0 0
7420 1 1
7430 0 0
7440 1 1
7450 3 0
7460 0 0
7470 0 0
7480 1 0
7490 0 0
7500 0 0
7510 1 0
7520 0 0
7530 1 0
7540 0 1
7550 0 0
7560 0 0
7570 0 0
7580 0 0
7590 1 1
7600 1 1
7610 3 0
7620 0 0
7630 1 0
7640 0 1
7650 0 0
7660 1 0
7670 3 1
7680 0 0
7690 2 0
7700 2 0
7710 0 2
7720 1 1
7730 0 0
7740 1 0
7750 1 0
7760 0 0
7770 2 1
7780 1 0
7790 1 0
7800 0 0
7810 0 0
7820 0 0
7830 1 0
7840 0 0
7850 3 1
7860 1 1
7870 1 0
7880 0 0
7890 1 0
7900 2 0
7910 2 0
7920 1 0
7930 0 0
7940 2 0
7950 0 0
7960 0 0
7970 1 0
7980 0 0
7990 1 2
8000 0 1
8010 1 2
8020 2 1
8030 1 0
8040 1 0
8050 1 0
8060 0 0
8070 1 0
8080 1 0
8090 3 0
8100 0 0
8110 1 0
8120 0 1
8130 1 2
8140 1 0
8150 1 0
8160 0 0
8170 1 1
8180 1 1
8190 1 0
8200 1 0
8210 0 0
8220 1 0
8230 1 0
8240 1 0
8250 0 0
8260 0 1
8270 0 0
8280 2 0
8290 3 0
8300 0 0
8310 0 1
8320 0 0
8330 2 0
8340 0 1
8350 1 1
8360 2 0
8370 1 0
8380 3 1
8390 0 0
8400 1 0
8410 1 0
8420 0 1
8430 1 0
8440 1 0
8450 0 0
8460 1 0
8470 1 0
8480 1 0
8490 0 0
8500 2 1
8510 1 1
8520 0 0
8530 0 0
8540 0 0
8550 1 1
8560 0 0
8570 1 0
8580 1 0
8590 3 1
8600 0 1
8610 0 1
8620 0 0
8630 1 0
8640 1 1
8650 1 0
8660 1 0
8670 1 0
8680 3 1
8690 1 0
8700 1 0
8710 0 0
8720 1 0
8730 0 0
8740 2 0
8750 0 0
8760 1 0
8770 1 1
8780 0 0
8790 0 0
8800 1 0
8810 1 0
8820 1 1
8830 0 0
8840 1 0
8850 0 1
8860 0 0
8870 1 0
8880 2 0
8890 1 0
8900 1 1
8910 0 0
8920 0 1
8930 1 0
8940 2 0
8950 0 3
8960 1 0
8970 0 0
8980 0 0
8990 0 0
9000 1 0
9010 0 0
9020 0 3
9030 0 1
9040 0 1
9050 0 0
9060 1 2
9070 0 0
9080 1 1
9090 1 0
9100 0 0
9110 1 0
9120 1 0
9130 0 0
9140 1 1
9150 1 0
9160 0 0
9170 1 0
9180 1 1
9190 0 0
9200 0 0
9210 0 0
9220 0 0
9230 0 0
9240 0 1
9250 1 1
9260 0 0
9270 0 0
9280 0 1
9290 1 0
9300 1 0
9310 1 0
9320 0 0
9330 1 0
9340 0 0
9350 0 1
9360 0 0
9370 1 0
9380 0 0
9390 0 0
9400 0 0
9410 0 1
9420 1 1
9430 0 1
9440 0 0
9450 2 0
9460 0 0
9470 1 0
9480 0 0
9490 1 1
9500 0 0
9510 0 1
9520 0 0
9530 1 0
9540 0 0
9550 1 0
9560 0 0
9570 0 0
9580 0 1
9590 1 0
9600 0 0
9610 1 0
9620 2 1
9630 0 0
9640 0 0
9650 0 1
9660 2 0
9670 0 0
9680 2 0
9690 0 1
9700 2 1
9710 0 0
9720 1 1
9730 0 0
9740 2 1
9750 1 0
9760 3 1
9770 1 0
9780 0 0
9790 1 1
9800 1 0
9810 1 0
9820 2 0
9830 0 0
9840 1 0
9850 1 0
9860 2 1
9870 0 0
9880 1 0
9890 2 0
9900 2 1
9910 2 3
9920 5 0
9930 5 0
9940 4 1
9950 6 0
9960 7 0
9970 13 1
9980 6 0
9990 12 1
10000 20 1
10010 13 0
10020 25 3
10030 20 1
10040 31 1
10050 31 4
10060 41 1
10070 38 3
10080 45 5
10090 53 1
10100 50 6
10110 59 5
10120 68 6
10130 81 9
10140 63 10
10150 79 10
10160 93 10
10170 93 17
10180 110 16
10190 108 15
10200 109 14
10210 113 19
10220 137 19
10230 151 21
10240 149 26
10250 158 24
10260 143 36
10270 170 29
10280 191 28
10290 174 30
10300 183 45
10310 171 46
10320 189 43
10330 206 32
10340 228 43
10350 215 48
10360 233 47
10370 203 58
10380 229 52
10390 227 54
10400 248 36
10410 250 62
10420 275 53
10430 286 56
10440 253 72
10450 265 58
10460 282 59
10470 276 74
10480 297 60
10490 267 69
10500 341 58
10510 289 70
10520 277 76
10530 303 68
10540 293 84
10550 284 70
10560 260 80
10570 319 96
10580 288 95
10590 327 78
10600 275 78
10610 301 76
10620 327 92
10630 301 90
10640 318 95
10650 330 87
10660 308 81
10670 343 89
10680 335 88
10690 311 82
10700 347 91
10710 326 54
10720 335 88
10730 316 108
10740 313 82
10750 331 91
10760 318 79
10770 313 86
10780 335 102
10790 335 90
10800 327 98
10810 317 84
10820 301 106
10830 320 100
10840 317 86
10850 321 83
10860 314 95
10870 317 84
10880 344 83
10890 301 97
10900 298 87
10910 260 98
10920 300 80
10930 319 88
10940 296 78
10950 314 82
10960 295 94
10970 284 92
10980 295 89
10990 314 74
11000 295 84
11010 264 105
11020 269 89
11030 295 81
11040 292 85
11050 269 84
11060 239 74
11070 282 81
11080 283 69
11090 287 99
11100 267 81
11110 274 85
11120 238 83
11130 259 74
11140 263 82
11150 260 77
11160 252 66
11170 226 75
11180 273 60
11190 258 60
11200 235 82
11210 233 70
11220 256 68
11230 232 75
11240 224 55
11250 227 44
11260 225 65
11270 240 60
11280 220 72
11290 200 57
11300 187 57
11310 205 59
11320 211 59
11330 217 55
11340 194 59
11350 207 63
11360 195 51
11370 183 64
11380 204 50
11390 187 69
11400 204 55
11410 203 60
11420 184 61
11430 196 47
11440 192 54
11450 175 46
11460 185 48
11470 172 45
11480 192 58
11490 151 47
11500 154 50
11510 158 56
11520 182 59
11530 143 47
11540 153 56
11550 159 45
11560 147 52
11570 135 48
11580 149 56
11590 142 47
11600 139 43
11610 130 45
11620 147 58
11630 136 54
11640 133 40
11650 129 30
11660 134 36
11670 141 32
11680 153 37
11690 120 40
11700 155 41
11710 128 49
11720 133 49
11730 121 39
11740 134 34
11750 130 34
11760 111 44
11770 117 21
11780 119 35
11790 105 56
11800 111 31
11810 98 31
11820 120 35
11830 106 44
11840 94 28
11850 107 37
11860 117 38
11870 107 33
11880 99 30
11890 99 23
11900 107 29
11910 114 33
11920 95 36
11930 101 28
11940 87 30
11950 84 37
11960 87 25
11970 89 23
11980 102 27
11990 75 25
12000 89 27
12010 91 29
12020 103 26
12030 102 31
12040 93 35
12050 101 24
12060 82 26
12070 92 28
12080 82 34
12090 94 33
12100 93 27
12110 76 26
12120 83 21
12130 90 33
12140 92 19
12150 72 23
12160 76 17
12170 72 22
12180 62 20
12190 69 21
12200 75 26
12210 70 24
12220 79 16
12230 79 18
12240 64 26
12250 68 17
12260 75 19
12270 70 18
12280 97 19
12290 67 12
12300 64 29
12310 66 19
12320 54 11
12330 71 23
12340 75 14
12350 79 20
12360 64 22
12370 65 18
12380 77 20
12390 78 14
12400 76 22
12410 66 23
12420 61 17
12430 58 23
12440 53 17
12450 63 9
12460 64 14
12470 62 22
12480 67 16
12490 66 24
12500 64 19
12510 62 14
12520 77 20
12530 60 21
12540 65 15
12550 64 15
12560 67 18
12570 63 15
12580 60 17
12590 66 18
12600 64 23
12610 65 17
12620 67 19
12630 68 15
12640 49 19
12650 54 18
12660 62 17
12670 50 18
12680 50 21
12690 69 20
12700 74 18
12710 62 23
12720 72 23
12730 69 14
12740 46 18
12750 69 15
12760 58 13
12770 51 15
12780 57 24
12790 50 16
12800 53 18
12810 61 18
12820 47 21
12830 54 15
12840 54 11
12850 59 18
12860 57 16
12870 72 14
12880 50 17
12890 51 20
12900 59 12
12910 55 15
12920 76 12
12930 50 14
12940 57 20
12950 41 13
12960 59 9
12970 49 20
12980 54 16
12990 52 12
13000 50 11
13010 43 14
13020 49 14
13030 59 15
13040 59 19
13050 53 13
13060 62 16
13070 55 19
13080 53 15
13090 52 15
13100 55 10
13110 56 14
13120 52 16
13130 41 14
13140 46 19
13150 46 20
13160 55 13
13170 54 12
13180 54 14
13190 44 16
13200 61 14
13210 49 16
13220 49 15
13230 60 12
13240 47 16
13250 49 11
13260 57 12
13270 52 18
13280 55 13
13290 50 14
13300 40 14
13310 45 8
13320 58 13
13330 61 15
13340 53 10
13350 55 9
13360 49 16
13370 56 8
13380 54 13
13390 54 17
13400 49 12
13410 45 16
13420 42 12
13430 56 14
13440 48 20
13450 45 20
13460 41 15
13470 52 6
13480 62 10
13490 58 12
13500 50 11
13510 43 10
13520 41 14
13530 51 13
13540 38 16
13550 39 19
13560 47 12
13570 63 12
13580 33 10
13590 41 15
13600 40 12
13610 38 7
13620 41 14
13630 46 16
13640 46 8
13650 47 15
13660 39 12
13670 48 16
13680 47 11
13690 37 12
13700 34 6
13710 42 15
13720 27 17
13730 40 17
13740 39 14
13750 41 12
13760 36 9
13770 30 11
13780 50 7
13790 32 7
13800 40 10
13810 37 7
13820 32 18
13830 43 16
13840 32 9
13850 45 6
13860 45 15
13870 40 10
13880 47 5
13890 44 10
13900 34 13
13910 50 6
13920 24 5
13930 50 14
13940 39 7
13950 38 8
13960 41 12
13970 43 13
13980 48 14
13990 39 8
14000 39 14
14010 36 10
14020 36 16
14030 43 11
14040 44 10
14050 36 9
14060 36 5
14070 32 13
14080 28 14
14090 40 5
14100 30 7
14110 36 10
14120 41 10
14130 24 4
14140 32 6
14150 43 13
14160 35 14
14170 44 9
14180 34 8
14190 33 9
14200 39 5
14210 34 12
14220 35 11
14230 28 12
14240 30 6
14250 36 15
14260 27 10
14270 39 7
14280 30 12
14290 36 14
14300 35 7
14310 34 16
14320 38 7
14330 35 19
14340 25 15
14350 31 5
14360 31 9
14370 25 14
14380 19 7
14390 28 6
14400 34 6
14410 29 5
14420 21 12
14430 37 9
14440 23 8
14450 33 9
14460 26 12
14470 33 8
14480 40 6
14490 37 10
14500 36 13
14510 25 11
14520 35 9
14530 41 7
14540 26 11
14550 27 5
14560 40 13
14570 36 4
14580 29 10
14590 32 7
14600 29 11
14610 42 6
14620 38 2
14630 30 10
14640 22 10
14650 28 8
14660 28 8
14670 20 12
14680 36 15
14690 26 9
14700 20 10
14710 27 7
14720 28 7
14730 22 9
14740 31 5
14750 32 7
14760 21 4
14770 35 10
14780 35 6
14790 26 7
14800 24 6
14810 30 7
14820 27 5
14830 25 7
14840 27 7
14850 29 3
14860 30 9
14870 26 12
14880 27 12
14890 25 11
14900 24 7
14910 26 11
14920 31 8
14930 25 10
14940 23 8
14950 38 7
14960 32 6
14970 22 2
14980 27 7
14990 32 9
15000 21 10
15010 26 3
15020 33 6
15030 27 4
15040 17 9
15050 18 6
15060 24 4
15070 24 10
15080 18 11
15090 18 13
15100 18 4
15110 16 6
15120 23 12
15130 21 4
15140 26 7
15150 25 5
15160 22 5
15170 15 7
15180 23 5
15190 21 7
15200 16 5
15210 23 8
15220 23 7
15230 25 9
15240 28 8
15250 22 11
15260 15 7
15270 29 5
15280 19 6
15290 25 8
15300 27 8
15310 22 7
15320 23 10
15330 25 9
15340 20 6
15350 24 6
15360 22 13
15370 30 5
15380 27 7
15390 24 4
15400 16 4
15410 22 8
15420 28 8
15430 25 7
15440 31 10
15450 29 7
15460 18 6
15470 23 9
15480 26 3
15490 25 7
15500 19 3
15510 28 11
15520 20 7
15530 28 11
15540 23 4
15550 30 4
15560 23 8
15570 35 10
15580 19 5
15590 26 9
15600 23 10
15610 18 5
15620 22 9
15630 14 5
15640 21 9
15650 13 10
15660 23 11
15670 16 7
15680 19 10
15690 17 2
15700 25 2
15710 24 7
15720 23 6
15730 21 11
15740 16 6
15750 16 12
15760 12 9
15770 20 11
15780 15 5
15790 18 7
15800 16 9
15810 25 4
15820 19 11
15830 15 3
15840 16 4
15850 30 7
15860 26 6
15870 11 6
15880 21 6
15890 18 5
15900 13 0
15910 23 7
15920 17 6
15930 23 6
15940 26 5
15950 27 4
15960 16 10
15970 19 5
15980 20 3
15990 17 6
16000 23 5
16010 12 4
16020 18 4
16030 20 3
16040 16 12
16050 14 8
16060 19 3
16070 22 4
16080 18 7
16090 22 5
16100 18 4
16110 12 4
16120 18 3
16130 16 5
16140 18 3
16150 20 4
16160 23 4
16170 17 12
16180 11 4
16190 20 5
16200 20 3
16210 18 5
16220 18 2
16230 20 7
16240 14 3
16250 15 7
16260 11 7
16270 14 8
16280 17 3
16290 11 1
16300 15 4
16310 17 5
16320 13 10
16330 19 5
16340 17 2
16350 12 7
16360 15 5
16370 23 8
16380 18 6
16390 12 2
16400 18 6
16410 25 4
16420 13 7
16430 17 5
16440 16 7
16450 19 8
16460 14 6
16470 16 6
16480 20 7
16490 13 5
16500 8 7
16510 12 4
16520 17 4
16530 17 2
16540 13 7
16550 11 6
16560 16 5
16570 16 5
16580 20 4
16590 19 2
16600 9 4
16610 14 8
16620 21 2
16630 17 6
16640 18 3
16650 10 4
16660 15 4
16670 13 7
16680 14 12
16690 15 4
16700 15 1
16710 17 7
16720 15 5
16730 10 3
16740 16 3
16750 11 4
16760 17 3
16770 19 4
16780 17 2
16790 15 10
16800 12 5
16810 18 8
16820 17 5
16830 18 5
16840 16 5
16850 11 4
16860 13 8
16870 12 5
16880 14 4
16890 15 4
16900 14 3
16910 11 4
16920 11 7
16930 16 5
16940 19 5
16950 12 0
16960 19 5
16970 19 4
16980 9 3
16990 12 6
17000 11 4
17010 10 2
17020 18 6
17030 11 5
17040 16 6
17050 16 3
17060 16 5
17070 17 3
17080 8 3
17090 16 1
17100 10 3
17110 18 7
17120 12 2
17130 20 4
17140 12 3
17150 15 5
17160 10 4
17170 14 5
17180 13 8
17190 13 6
17200 15 4
17210 13 5
17220 18 4
17230 12 8
17240 11 5
17250 14 2
17260 12 1
17270 9 2
17280 14 3
17290 11 5
17300 7 4
17310 11 3
17320 14 3
17330 12 3
17340 13 0
17350 9 3
17360 13 4
17370 15 1
17380 8 5
17390 14 4
17400 11 1
17410 9 5
17420 14 1
17430 9 3
17440 13 7
17450 12 3
17460 17 5
17470 8 2
17480 6 4
17490 13 6
17500 7 2
17510 13 2
17520 10 2
17530 13 5
17540 20 3
17550 10 3
17560 10 4
17570 10 3
17580 12 2
17590 6 2
17600 13 9
17610 17 8
17620 17 5
17630 13 3
17640 12 1
17650 15 2
17660 12 4
17670 10 0
17680 12 4
17690 12 2
17700 15 3
17710 15 2
17720 15 1
17730 11 3
17740 8 4
17750 13 6
17760 9 5
17770 11 3
17780 16 2
17790 9 3
17800 13 2
17810 10 4
17820 10 2
17830 9 2
17840 14 3
17850 8 1
17860 11 6
17870 6 7
17880 15 7
17890 6 5
17900 10 2
17910 7 2
17920 12 3
17930 9 3
17940 14 2
17950 12 1
17960 11 7
17970 13 3
17980 8 3
17990 10 4
18000 14 2
18010 15 3
18020 11 3
18030 9 4
18040 5 3
18050 12 4
18060 15 3
18070 11 4
18080 11 5
18090 11 3
18100 10 4
18110 15 3
18120 14 3
18130 7 5
18140 9 2
18150 14 4
18160 12 4
18170 8 3
18180 7 1
18190 9 1
18200 11 4
18210 12 2
18220 5 3
18230 5 5
18240 12 2
18250 12 4
18260 8 5
18270 7 2
18280 10 4
18290 8 1
18300 6 1
18310 13 4
18320 10 5
18330 4 2
18340 11 2
18350 9 6
18360 13 3
18370 11 1
18380 8 4
18390 14 3
18400 10 2
18410 6 2
18420 3 2
18430 14 3
18440 11 0
18450 10 3
18460 9 0
18470 13 3
18480 8 3
18490 9 5
18500 7 4
18510 9 1
18520 8 2
18530 13 5
18540 8 3
18550 5 1
18560 9 4
18570 10 5
18580 16 1
18590 8 2
18600 8 0
18610 5 2
18620 9 2
18630 5 1
18640 7 1
18650 14 2
18660 5 3
18670 14 1
18680 9 3
18690 3 3
18700 10 6
18710 6 2
18720 8 3
18730 6 4
18740 10 2
18750 13 4
18760 13 3
18770 11 2
18780 4 1
18790 9 3
18800 10 5
18810 12 1
18820 8 3
18830 8 2
18840 8 3
18850 8 4
18860 7 3
18870 7 3
18880 7 2
18890 6 3
18900 6 2
18910 8 1
18920 5 1
18930 5 3
18940 8 3
18950 7 4
18960 12 6
18970 8 2
18980 4 3
18990 8 3
19000 13 7
19010 4 2
19020 3 4
19030 7 3
19040 15 4
19050 10 7
19060 5 1
19070 6 0
19080 11 2
19090 6 3
19100 11 1
19110 9 2
19120 9 4
19130 5 3
19140 9 2
19150 7 0
19160 13 1
19170 9 1
19180 9 5
19190 5 2
19200 10 1
19210 12 2
19220 12 7
19230 8 7
19240 11 1
19250 6 1
19260 13 2
19270 10 4
19280 11 1
19290 6 2
19300 11 0
19310 8 3
19320 10 1
19330 5 4
19340 6 0
19350 7 2
19360 7 1
19370 2 1
19380 9 5
19390 6 1
19400 8 3
19410 6 1
19420 7 2
19430 8 1
19440 7 2
19450 5 1
19460 4 2
19470 5 1
19480 7 2
19490 7 7
19500 5 4
19510 8 0
19520 7 3
19530 4 2
19540 10 4
19550 4 5
19560 7 3
19570 9 2
19580 14 3
19590 5 0
19600 6 3
19610 5 4
19620 6 4
19630 5 0
19640 6 2
19650 4 5
19660 18 4
19670 14 2
19680 1 0
19690 8 2
19700 6 0
19710 8 3
19720 5 1
19730 6 2
19740 10 5
19750 4 2
19760 4 0
19770 9 1
19780 5 0
19790 4 1
19800 3 3
19810 5 1
19820 5 2
19830 9 0
19840 5 3
19850 4 2
19860 2 7
19870 8 2
19880 6 2
19890 8 3
19900 5 1
19910 5 2
19920 8 2
19930 8 3
19940 9 3
19950 8 0
19960 9 0
19970 5 0
19980 7 1
19990 3 3
20000 10 5
20010 11 2
20020 7 3
20030 5 0
20040 9 3
20050 4 2
20060 5 1
20070 6 2
20080 5 3
20090 9 1
20100 3 2
20110 10 4
20120 5 1
20130 7 0
20140 4 4
20150 10 3
20160 6 2
20170 6 0
20180 6 2
20190 6 0
20200 6 2
20210 9 2
20220 12 1
20230 6 1
20240 6 4
20250 6 2
20260 8 2
20270 5 2
20280 10 1
20290 6 2
20300 6 2
20310 6 2
20320 7 0
20330 7 3
20340 8 1
20350 4 2
20360 5 2
20370 6 1
20380 7 2
20390 4 3
20400 2 4
20410 3 2
20420 4 5
20430 8 5
20440 9 1
20450 8 2
20460 4 4
20470 7 3
20480 6 5
20490 4 0
20500 5 1
20510 6 2
20520 1 2
20530 3 4
20540 7 2
20550 7 1
20560 5 0
20570 5 5
20580 2 2
20590 3 3
20600 9 2
20610 5 1
20620 3 0
20630 5 4
20640 4 2
20650 3 0
20660 3 0
20670 4 4
20680 4 2
20690 6 1
20700 3 0
20710 1 1
20720 4 3
20730 7 1
20740 10 2
20750 9 3
20760 5 1
20770 5 1
20780 3 3
20790 7 2
20800 4 1
20810 3 3
20820 5 0
20830 3 1
20840 6 1
20850 6 0
20860 9 3
20870 6 2
20880 9 6
20890 9 2
20900 6 3
20910 6 1
20920 11 1
20930 10 3
20940 7 7
20950 18 3
20960 15 2
20970 18 1
20980 10 2
20990 18 3
21000 12 3
21010 19 3
21020 13 1
21030 20 2
21040 11 1
21050 19 5
21060 21 0
21070 19 3
21080 22 3
21090 18 2
21100 17 3
21110 16 2
21120 20 2
21130 12 2
21140 20 2
21150 14 1
21160 16 2
21170 11 2
21180 20 1
21190 12 1
21200 12 2
21210 17 1
21220 15 1
21230 10 3
21240 11 4
21250 9 2
21260 8 4
21270 7 2
21280 15 0
21290 12 3
21300 9 2
21310 11 6
21320 13 3
21330 12 3
21340 10 4
21350 11 10
21360 8 3
21370 13 8
21380 14 7
21390 12 10
21400 13 2
21410 10 6
21420 12 14
21430 8 10
21440 10 15
21450 10 16
21460 13 13
21470 8 13
21480 12 9
21490 8 14
21500 7 17
21510 6 12
21520 6 10
21530 7 12
21540 9 15
21550 6 10
21560 11 10
21570 12 7
21580 10 12
21590 6 13
21600 8 12
21610 14 9
21620 10 9
21630 1 17
21640 8 12
21650 6 8
21660 7 13
21670 3 13
21680 5 26
21690 4 13
21700 6 16
21710 8 18
21720 7 20
21730 6 16
21740 6 18
21750 8 16
21760 7 23
21770 4 17
21780 7 26
21790 7 21
21800 4 14
21810 4 17
21820 10 18
21830 4 14
21840 1 8
21850 8 11
21860 5 17
21870 4 17
21880 4 6
21890 5 14
21900 3 16
21910 10 9
21920 6 7
21930 3 13
21940 9 9
21950 2 12
21960 5 5
21970 5 8
21980 3 11
21990 6 7
22000 5 5
22010 3 15
22020 3 4
22030 1 5
22040 7 5
22050 10 7
22060 8 3
22070 3 6
22080 3 9
22090 5 4
22100 4 3
22110 1 5
22120 6 4
22130 4 6
22140 4 4
22150 6 6
22160 6 6
22170 4 4
22180 5 4
22190 6 6
22200 3 4
22210 6 2
22220 2 3
22230 7 5
22240 2 1
22250 1 2
22260 6 10
22270 2 1
22280 7 3
22290 7 5
22300 7 2
22310 0 5
22320 6 2
22330 3 3
22340 4 0
22350 4 2
22360 7 7
22370 7 2
22380 5 1
22390 3 3
22400 6 2
22410 7 3
22420 3 3
22430 2 5
22440 7 3
22450 6 1
22460 7 7
22470 7 1
22480 3 5
22490 4 2
22500 7 0
22510 7 0
22520 8 1
22530 9 1
22540 4 2
22550 3 0
22560 8 2
22570 2 0
22580 2 1
22590 8 3
22600 2 2
22610 3 3
22620 9 0
22630 11 0
22640 3 3
22650 3 4
22660 7 3
22670 7 0
22680 6 1
22690 3 2
22700 1 3
22710 5 3
22720 7 2
22730 4 1
22740 12 0
22750 6 1
22760 8 0
22770 9 1
22780 7 1
22790 7 1
22800 4 7
22810 3 1
22820 6 2
22830 6 1
22840 5 3
22850 8 2
22860 5 2
22870 18 2
22880 6 1
22890 5 0
22900 3 2
22910 9 0
22920 8 0
22930 5 4
22940 2 0
22950 1 2
22960 6 1
22970 3 0
22980 8 2
22990 6 0
23000 3 0
23010 7 1
23020 0 1
23030 4 0
23040 6 0
23050 10 1
23060 9 0
23070 7 3
23080 8 5
23090 7 1
23100 5 1
23110 4 5
23120 5 0
23130 8 0
23140 10 3
23150 3 0
23160 2 1
23170 10 0
23180 4 4
23190 12 1
23200 8 0
23210 11 1
23220 4 2
23230 5 0
23240 2 2
23250 5 1
23260 2 3
23270 5 1
23280 4 0
23290 4 2
23300 6 1
23310 5 2
23320 2 4
23330 2 2
23340 3 0
23350 3 3
23360 4 1
23370 4 2
23380 9 3
23390 8 3
23400 6 3
23410 6 1
23420 5 1
23430 9 0
23440 5 2
23450 2 1
23460 5 3
23470 2 3
23480 4 1
23490 3 1
23500 3 2
23510 3 4
23520 5 1
23530 4 0
23540 8 0
23550 2 3
23560 1 1
23570 0 3
23580 0 0
23590 6 1
23600 3 1
23610 2 0
23620 2 1
23630 7 2
23640 4 1
23650 3 3
23660 8 1
23670 3 0
23680 3 1
23690 3 0
23700 4 0
23710 4 2
23720 5 0
23730 6 0
23740 1 2
23750 2 3
23760 7 1
23770 3 0
23780 7 1
23790 5 1
23800 3 0
23810 2 0
23820 2 0
23830 2 0
23840 1 1
23850 1 0
23860 3 2
23870 4 0
23880 5 0
23890 5 2
23900 4 2
23910 3 0
23920 3 1
23930 6 1
23940 4 1
23950 1 0
23960 2 1
23970 1 1
23980 10 0
23990 4 3
24000 3 0
24010 3 1
24020 2 2
24030 3 1
24040 6 1
24050 1 0
24060 7 0
24070 7 0
24080 1 1
24090 5 6
24100 5 3
24110 4 1
24120 2 0
24130 3 0
24140 1 0
24150 3 2
24160 1 0
24170 4 2
24180 3 2
24190 3 1
24200 1 1
24210 4 0
24220 6 2
24230 8 2
24240 4 0
24250 3 1
24260 4 4
24270 4 0
24280 3 2
24290 1 0
24300 2 1
24310 2 1
24320 6 0
24330 0 1
24340 6 1
24350 3 2
24360 4 0
24370 1 0
24380 2 1
24390 1 1
24400 2 0
24410 2 1
24420 3 3
24430 4 0
24440 4 2
24450 3 2
24460 1 5
24470 3 1
24480 3 1
24490 1 1
24500 4 1
24510 1 0
24520 2 0
24530 2 0
24540 3 0
24550 4 3
24560 9 0
24570 1 3
24580 2 1
24590 3 0
24600 3 0
24610 4 2
24620 1 2
24630 0 0
24640 2 3
24650 1 1
24660 4 0
24670 5 0
24680 4 1
24690 5 1
24700 6 1
24710 1 1
24720 5 1
24730 2 1
24740 4 0
24750 5 1
24760 2 0
24770 1 1
24780 2 0
24790 4 2
24800 2 0
24810 5 1
24820 1 0
24830 2 3
24840 4 1
24850 3 2
24860 7 0
24870 3 0
24880 1 0
24890 0 0
24900 0 0
24910 0 0
24920 0 0
24930 0 0
24940 0 0
24950 0 0
24960 0 0
24970 0 0
24980 0 0
24990 0 0
25000 0 0
25010 0 0
25020 0 0
25030 0 0
25040 0 0
25050 0 0
25060 0 0
25070 0 0
25080 0 0
25090 0 0
25100 0 0
25110 0 0
25120 0 0
25130 0 0
25140 0 0
25150 0 0
25160 0 0
25170 0 0
25180 0 0
25190 0 0
25200 0 0
25210 0 0
25220 0 0
25230 0 0
25240 0 0
25250 0 0
25260 0 0
25270 0 0
25280 0 0
25290 0 0
25300 0 0
25310 0 0
25320 0 0
25330 0 0
25340 0 0
25350 0 0
25360 0 0
25370 0 0
25380 0 0
25390 0 0
25400 0 0
25410 0 0
25420 0 0
25430 0 0
25440 0 0
25450 0 0
25460 0 0
25470 0 0
25480 0 0
25490 0 0
25500 0 0
25510 0 0
25520 0 0
25530 0 0
25540 0 0
25550 0 0
25560 0 0
25570 0 0
25580 0 0
25590 0 0
25600 0 0
25610 0 0
25620 0 0
25630 0 0
25640 0 0
25650 0 0
25660 0 0
25670 0 0
25680 0 0
25690 0 0
25700 0 0
25710 0 0
25720 0 0
25730 0 0
25740 0 0
25750 0 0
25760 0 0
25770 0 0
25780 0 0
25790 0 0
25800 0 0
25810 0 0
25820 0 0
25830 0 0
25840 0 0
25850 0 0
25860 0 0
25870 0 0
25880 0 0
25890 0 0
25900 0 0
25910 0 0
25920 0 0
25930 0 0
25940 0 0
25950 0 0
25960 0 0
25970 0 0
25980 0 0
25990 0 0
26000 0 0
26010 0 0
26020 0 0
26030 0 0
26040 0 0
26050 0 0
26060 0 0
26070 0 0
26080 0 0
26090 0 0
26100 0 0
26110 0 0
26120 0 0
26130 0 0
26140 0 0
26150 0 0
26160 0 0
26170 0 0
26180 0 0
26190 0 0
26200 0 0
26210 0 0
26220 0 0
26230 0 0
26240 0 0
26250 0 0
26260 0 0
26270 0 0
26280 0 0
26290 0 0
26300 0 0
26310 0 0
26320 0 0
26330 0 0
26340 0 0
26350 0 0
26360 0 0
26370 0 0
26380 0 0
26390 0 0
26400 0 0
26410 0 0
26420 0 0
26430 0 0
26440 0 0
26450 0 0
26460 0 0
26470 0 0
26480 0 0
26490 0 0
26500 0 0
26510 0 0
26520 0 0
26530 0 0
26540 0 0
26550 0 0
26560 0 0
26570 0 0
26580 0 0
26590 0 0
26600 0 0
26610 0 0
26620 0 0
26630 0 0
26640 0 0
26650 0 0
26660 0 0
26670 0 0
26680 0 0
26690 0 0
26700 0 0
26710 0 0
26720 0 0
26730 0 0
26740 0 0
26750 0 0
26760 0 0
26770 0 0
26780 0 0
26790 0 0
26800 0 0
26810 0 0
26820 0 0
26830 0 0
26840 0 0
26850 0 0
26860 0 0
26870 0 0
26880 0 0
26890 0 0
26900 0 0
26910 0 0
26920 0 0
26930 0 0
26940 0 0
26950 0 0
26960 0 0
26970 0 0
26980 0 0
26990 0 0
27000 0 0
27010 0 0
27020 0 0
27030 0 0
27040 0 0
27050 0 0
27060 0 0
27070 0 0
27080 0 0
27090 0 0
27100 0 0
27110 0 0
27120 0 0
27130 0 0
27140 0 0
27150 0 0
27160 0 0
27170 0 0
27180 0 0
27190 0 0
27200 0 0
27210 0 0
27220 0 0
27230 0 0
27240 0 0
27250 0 0
27260 0 0
27270 0 0
27280 0 0
27290 0 0
27300 0 0
27310 0 0
27320 0 0
27330 0 0
27340 0 0
27350 0 0
27360 0 0
27370 0 0
27380 0 0
27390 0 0
27400 0 0
27410 0 0
27420 0 0
27430 0 0
27440 0 0
27450 0 0
27460 0 0
27470 0 0
27480 0 0
27490 0 0
27500 0 0
27510 0 0
27520 0 0
27530 0 0
27540 0 0
27550 0 0
27560 0 0
27570 0 0
27580 0 0
27590 0 0
27600 0 0
27610 0 0
27620 0 0
27630 0 0
27640 0 0
27650 0 0
27660 0 0
27670 0 0
27680 0 0
27690 0 0
27700 0 0
27710 0 0
27720 0 0
27730 0 0
27740 0 0
27750 0 0
27760 0 0
27770 0 0
27780 0 0
27790 0 0
27800 0 0
27810 0 0
27820 0 0
27830 0 0
27840 0 0
27850 0 0
27860 0 0
27870 0 0
27880 0 0
27890 0 0
27900 0 0
27910 0 0
27920 0 0
27930 0 0
27940 0 0
27950 0 0
27960 0 0
27970 0 0
27980 0 0
27990 0 0
28000 0 0
28010 0 0
28020 0 0
28030 0 0
28040 0 0
28050 0 0
28060 0 0
28070 0 0
28080 0 0
28090 0 0
28100 0 0
28110 0 0
28120 0 0
28130 0 0
28140 0 0
28150 0 0
28160 0 0
28170 0 0
28180 0 0
28190 0 0
28200 0 0
28210 0 0
28220 0 0
28230 0 0
28240 0 0
28250 0 0
28260 0 0
28270 0 0
28280 0 0
28290 0 0
28300 0 0
28310 0 0
28320 0 0
28330 0 0
28340 0 0
28350 0 0
28360 0 0
28370 0 0
28380 0 0
28390 0 0
28400 0 0
28410 0 0
28420 0 0
28430 0 0
28440 0 0
28450 0 0
28460 0 0
28470 0 0
28480 0 0
28490 0 0
28500 0 0
28510 0 0
28520 0 0
28530 0 0
28540 0 0
28550 0 0
28560 0 0
28570 0 0
28580 0 0
28590 0 0
28600 0 0
28610 0 0
28620 0 0
28630 0 0
28640 0 0
28650 0 0
28660 0 0
28670 0 0
28680 0 0
28690 0 0
28700 0 0
28710 0 0
28720 0 0
28730 0 0
28740 0 0
28750 0 0
28760 0 0
28770 0 0
28780 0 0
28790 0 0
28800 0 0
28810 0 0
28820 0 0
28830 0 0
28840 0 0
28850 0 0
28860 0 0
28870 0 0
28880 0 0
28890 0 0
28900 0 0
28910 0 0
28920 0 0
28930 0 0
28940 0 0
28950 0 0
28960 0 0
28970 0 0
28980 0 0
28990 0 0
29000 0 0
29010 0 0
29020 0 0
29030 0 0
29040 0 0
29050 0 0
29060 0 0
29070 0 0
29080 0 0
29090 0 0
29100 0 0
29110 0 0
29120 0 0
29130 0 0
29140 0 0
29150 0 0
29160 0 0
29170 0 0
29180 0 0
29190 0 0
29200 0 0
29210 0 0
29220 0 0
29230 0 0
29240 0 0
29250 0 0
29260 0 0
29270 0 0
29280 0 0
29290 0 0
29300 0 0
29310 0 0
29320 0 0
29330 0 0
29340 0 0
29350 0 0
29360 0 0
29370 0 0
29380 0 0
29390 0 0
29400 0 0
29410 0 0
29420 0 0
29430 0 0
29440 0 0
29450 0 0
29460 0 0
29470 0 0
29480 0 0
29490 0 0
29500 0 0
29510 0 0
29520 0 0
29530 0 0
29540 0 0
29550 0 0
29560 0 0
29570 0 0
29580 0 0
29590 0 0
29600 0 0
29610 0 0
29620 0 0
29630 0 0
29640 0 0
29650 0 0
29660 0 0
29670 0 0
29680 0 0
29690 0 0
29700 0 0
29710 0 0
29720 0 0
29730 0 0
29740 0 0
29750 0 0
29760 0 0
29770 0 0
29780 0 0
29790 0 0
29800 0 0
29810 0 0
29820 0 0
29830 0 0
29840 0 0
29850 0 0
29860 0 0
29870 0 0
29880 0 0
29890 0 0
29900 0 0
29910 0 0
29920 0 0
29930 0 0
29940 0 0
29950 0 0
29960 0 0
29970 0 0
29980 0 0
29990 0 0
